224
831
275
76
735
582
477
198
484
683
835
288
1004
376
462
199
946
824
521
315
609
891
837
299
612
964
386
468
989
120
632
241
495
205
42
339
857
1009
201
919
937
808
47
918
160
509
93
82
310
614
398
919
481
211
195
70
151
581
538
116
702
147
357
173
352
399
512
186
385
151
707
284
536
504
500
800
591
454
724
734
443
911
47
572
639
662
812
317
125
576
94
644
899
258
327
185
307
783
899
556
935
582
840
447
62
317
223
653
771
947
364
190
539
667
549
629
525
432
829
873
346
420
812
410
525
939
194
500
414
109
233
427
473
194
8
324
827
215
903
771
101
905
265
400
317
572
511
728
567
471
578
493
350
678
76
737
973
299
698
808
229
544
153
652
414
259
660
285
350
761
616
983
86
472
301
231
619
140
508
834
422
774
809
680
307
88
393
257
388
67
41
617
611
194
245
1
453
905
287
803
642
903
762
728
351
40
959
971
180
443
781
603
193
566
259
501
655
652
758
19
719
799
636
306
993
881
308
422
763
595
202
381
474
964
86
825
1004
21
772
161
465
530
764
658
72
1023
135
727
651
981
687
738
187
233
121
432
561
795
589
478
166
241
779
152
960
114
549
155
490
212
302
1004
450
167
233
252
430
784
183
912
741
870
626
928
2
283
282
272
552
774
684
886
278
28
366
867
532
522
653
859
197
987
892
922
93
112
439
286
396
816
1007
385
839
945
129
841
205
411
90
757
161
774
619
439
802
985
282
310
483
936
146
681
899
14
579
992
127
1018
254
523
810
237
908
626
159
13
443
364
424
806
833
378
29
806
8
277
851
930
80
690
744
281
639
731
985
959
454
315
632
166
488
270
38
305
502
104
496
447
283
629
229
92
1007
258
898
1015
536
725
922
616
392
642
897
7
350
858
966
804
458
130
909
598
482
281
931
305
414
355
890
549
666
1022
340
21
784
990
730
168
263
512
937
306
293
723
654
419
166
386
122
624
516
7
199
998
288
106
279
703
461
145
228
104
144
569
125
928
535
855
73
798
343
1010
80
637
710
734
32
876
96
154
476
612
162
675
586
450
782
599
969
52
142
382
368
885
797
991
94
559
487
936
825
237
940
982
26
58
966
102
442
555
374
916
244
989
933
580
476
305
156
422
357
298
804
725
159
577
692
254
112
155
166
938
392
82
896
419
140
839
521
582
370
895
475
614
860
384
170
313
689
326
735
22
624
515
747
784
68
416
14
180
571
180
94
964
262
991
359
402
806
880
984
152
751
435
766
587
819
936
900
484
239
611
506
863
102
230
623
170
646
637
351
193
817
445
133
55
412
492
457
194
348
418
346
75
853
88
663
649
1
539
109
240
127
616
79
229
846
703
400
468
316
751
661
110
172
795
165
585
263
623
779
612
17
102
687
870
190
326
495
191
866
605
431
993
197
511
198
19
190
500
330
532
329
841
526
104
11
705
495
626
693
127
770
715
416
386
477
699
580
547
872
464
562
152
250
240
421
807
304
751
283
634
259
612
451
785
717
463
467
188
65
136
316
836
852
732
198
305
407
779
852
256
219
391
408
470
631
829
253
935
557
536
545
816
125
996
578
842
435
21
6
501
157
322
313
1009
30
511
291
438
266
119
694
486
510
78
956
117
908
185
28
441
721
573
233
846
546
811
664
981
832
671
458
990
993
771
975
0
259
242
438
525
362
108
1011
872
186
943
990
70
104
1018
511
826
568
745
648
90
532
289
310
61
365
898
707
620
229
812
941
197
962
871
580
732
634
846
428
808
244
498
161
880
312
643
803
342
83
238
379
1014
124
689
51
439
780
759
707
249
503
870
322
736
101
722
349
657
285
880
136
298
84
335
997
811
373
0
350
1016
831
635
507
588
33
678
3
813
414
711
38
917
557
360
629
658
58
979
292
344
835
29
782
220
483
172
227
149
564
33
153
845
816
41
806
597
286
224
747
327
884
746
1012
713
851
550
691
359
1000
202
716
288
231
474
509
714
647
736
863
187
769
1017
8
562
34
814
135
320
15
882
648
899
605
636
588
432
163
255
792
139
457
484
428
689
958
937
379
581
649
219
768
394
212
776
956
246
567
67
567
582
950
191
457
531
827
21
963
990
827
452
431
465
847
658
508
420
290
490
793
105
969
328
992
487
34
554
8
355
431
56
999
452
4
302
708
885
470
772
302
273
200
734
738
23
368
222
444
658
712
213
763
657
542
731
120
576
261
128
931
693
185
906
121
189
184
829
50
654
578
353
927
778
63
641
802
431
864
222
65
552
435
828
186
977
536
306
529
797
435
436
466
620
319
588
809
503
393
859
134
971
188
37
726
251
679
504
605
912
561
41
376
415
67
350
371
589
859
185
912
589
704
140
851
766
269
140
252
66
409
626
1007
461
1022
549
287
166
576
892
54
113
933
430
528
1000
781
899
566
616
60
454
181
765
595
9
507
864
149
759
931
558
361
914
1020
359
439
283
526
1015
152
580
104
61
1011
632
38
768
508
604
360
568
34
541
309
629
550
816
470
699
551
377
234
912
267
230
248
706
513
774
698
665
330
802
727
317
910
332
970
617
640
231
494
438
521
283
703
735
739
211
889
797
429
829
616
725
32
913
325
660
876
88
805
467
654
840
365
541
149
311
134
789
543
629
203
40
912
906
776
628
93
641
401
206
1015
871
115
572
102
84
526
760
532
187
798
89
544
1001
570
341
112
603
441
345
282
424
888
35
516
564
832
349
895
474
555
887
322
670
435
424
755
961
161
263
124
959
352
668
937
922
1010
25
501
427
371
783
852
235
818
344
799
626
693
671
77
225
534
399
895
969
823
626
906
984
889
6
920
217
675
833
115
661
858
617
64
205
376
916
441
171
237
216
797
930
887
874
131
397
249
3
342
49
629
224
9
495
231
929
712
906
738
828
543
573
421
609
582
208
224
1003
209
1006
54
73
527
834
349
941
580
269
833
460
434
666
691
479
643
410
588
250
994
768
420
508
688
356
93
246
565
317
225
774
300
280
847
827
90
173
744
670
442
553
107
876
195
798
332
839
184
920
65
154
664
485
662
329
842
755
575
383
49
801
133
349
57
980
152
147
129
896
817
571
426
924
424
621
698
756
436
882
652
502
12
293
987
674
622
805
406
173
164
455
974
297
804
7
254
956
154
383
828
972
955
230
872
355
852
547
87
264
405
739
766
418
8
730
68
630
511
474
804
676
929
754
973
709
762
203
641
916
587
446
864
518
676
713
873
504
236
960
769
641
675
511
35
684
217
104
290
729
578
70
381
484
825
330
169
563
534
811
455
97
233
296
615
909
1009
464
390
221
400
670
1000
172
201
818
170
791
809
434
450
1016
430
85
685
867
69
163
339
288
32
603
22
934
130
371
601
979
476
331
930
828
1002
906
1000
179
700
147
971
486
581
397
478
1011
483
140
854
552
303
169
840
336
773
862
246
903
209
847
858
686
155
765
490
133
647
466
312
324
759
928
563
343
88
521
129
877
648
346
430
23
77
880
344
500
752
268
710
366
959
162
490
660
339
455
400
14
415
787
295
151
691
858
494
779
355
623
633
1003
969
39
2
22
919
347
522
648
615
209
1014
550
371
480
186
710
935
587
724
327
350
1019
478
17
853
972
796
184
571
405
163
517
444
166
539
340
513
38
988
104
247
978
654
618
435
841
305
346
404
5
673
754
1
127
771
854
75
543
15
647
949
178
140
369
344
679
709
857
717
673
961
964
628
592
559
39
409
864
385
813
869
35
543
870
162
290
701
238
863
842
927
516
223
893
986
781
749
203
499
98
805
4
502
364
914
858
59
719
644
371
627
682
884
199
383
148
339
716
669
178
535
573
694
758
442
656
515
167
859
1014
266
640
1018
768
1005
909
603
40
604
223
412
207
905
272
406
264
420
745
981
66
923
492
639
593
226
57
225
741
225
61
732
491
701
726
235
682
611
838
723
191
37
111
399
943
383
805
183
803
527
140
869
426
632
484
1020
858
542
221
576
767
282
284
234
984
1010
469
642
598
284
341
789
321
452
164
240
835
970
424
615
473
564
460
899
173
945
895
7
463
93
583
206
375
867
440
335
854
909
978
428
169
295
193
491
748
358
731
559
304
131
150
777
696
611
652
869
532
524
876
995
617
436
177
992
279
617
304
109
502
258
537
672
553
731
139
277
65
870
837
369
1002
987
122
674
574
774
519
82
274
371
53
891
807
230
860
63
847
140
172
326
398
710
998
951
417
113
205
482
983
18
851
961
1005
973
611
556
723
106
638
998
478
692
865
261
922
701
324
746
841
497
48
215
183
22
143
600
135
348
58
94
366
909
32
347
858
643
903
557
750
518
531
204
186
373
465
84
50
790
830
892
263
878
83
446
900
226
22
11
574
80
106
940
989
138
264
823
781
143
356
507
661
888
711
847
237
153
932
287
943
738
155
182
593
239
628
469
465
650
481
16
730
587
956
695
725
196
494
482
340
850
990
1001
714
677
825
951
830
733
215
749
447
370
931
16
609
535
486
51
161
967
67
891
530
1023
562
231
196
32
713
536
883
679
513
573
333
314
501
139
23
716
889
471
62
796
487
672
308
973
723
469
916
790
337
422
789
899
653
985
932
343
497
791
1022
1011
340
331
301
841
471
325
533
336
796
596
108
259
244
416
209
967
886
101
733
199
524
498
74
153
460
1006
496
957
773
495
944
90
826
222
931
273
547
441
609
319
13
718
578
257
110
787
200
996
889
933
171
389
407
246
542
867
228
15
801
1002
510
721
68
312
943
999
586
466
416
171
785
429
889
340
686
1000
103
886
972
992
795
120
357
179
366
900
22
594
915
823
572
401
521
640
713
440
616
275
907
8
447
668
438
312
1008
100
288
88
987
237
56
758
357
414
937
723
290
960
293
181
759
866
582
256
482
271
697
74
547
580
83
994
224
521
282
209
621
571
297
584
808
353
319
141
767
232
864
33
168
133
214
928
999
796
160
458
44
857
532
591
413
615
561
638
112
843
847
734
390
120
294
174
473
613
315
217
846
155
250
1014
289
465
918
264
237
55
722
281
912
231
872
302
846
409
940
959
229
763
669
619
883
963
794
332
553
85
549
375
